[General]
image_width = 1280
image_height = 720

[RGB_Intrinsics]
fx = 925.9777221679688
fy = 926.27978515625
cx = 644.3920288085938
cy = 366.6578369140625

[Depth_Intrinsics]
fx = 644.1875
fy = 644.1875
cx = 633.2278442382812
cy = 350.56097412109375

[IR_L2R_Translation]
tx = 0.014876285567879677
ty = 0.00025648181326687336
tz = -0.00015351088950410485

[IR_L2C_Translation]
tx = 0
ty = 0
tz = 0
