[General]
image_width = 1280
image_height = 720

[RGB_Intrinsics]
fx = 925.4581298828125
fy = 925.7662963867188
cx = 645.314453125
cy = 360.0555419921875

[Depth_Intrinsics]
fx = 634.2400512695312
fy = 634.2400512695312
cx = 638.5535888671875
cy = 361.5152282714844

[IR_L2C_Rotation]
r00 = 0
r01 = 0
r02 = 0
r10 = 0
r11 = 0
r12 = 0
r20 = 0
r21 = 0
r22 = 0

[IR_L2C_Translation]
tx = 0
ty = 0
tz = 0
