[General]
image_width = 1280
image_height = 720

[RGB_Intrinsics]
fx = 929.650634765625
fy = 929.0149536132812
cx = 651.1560668945312
cy = 367.0975646972656

[Depth_Intrinsics]
fx = 897.9703369140625
fy = 897.9703369140625
cx = 635.1419677734375
cy = 343.9390869140625

[IR_Translation]
tx = -0.055031899362802505
ty = 0.0
tz = 0.0
